FEAP * * 4-Element Patch Test
9,4,1,2,2,4

COORdinates
1,  0,     0.0,     0.0
2,  0,     4.0,     0.0
3,  0,    10.0,     0.0
4,  0,     0.0,     4.5
5,  0,     5.5,     5.5
6,  0,    10.0,     5.0
7,  0,     0.0,    10.0
8,  0,     4.2,    10.0
9,  0,    10.0,    10.0

ELEMents
1,1,1,2,5,4
2,1,2,3,6,5
3,1,4,5,8,7
4,1,5,6,9,8

BOUNdary restraints
1,0,1,1
4,0,1,0
7,0,1,0

FORCes
3,0,2.5,0.0
6,0,5.0,0.0
9,0,2.5,0.0

MATErial
1,3
1000.0,0.25,0,2,1,2

END

inter
STOP


